Performing unit tests.
Evaluating reduce.
input:
[[   0.    0.    0.    0.    0.    0.    0.    0.]
 [   0.    0.    0.    0.    0.    0.    0.    0.]
 [   0.    0.  255.  255.  255.  255.    0.    0.]
 [   0.    0.  255.  255.  255.  255.    0.    0.]
 [   0.    0.    0.    0.    0.    0.    0.    0.]
 [   0.    0.    0.    0.    0.    0.    0.    0.]]

input:
[[   0.64    8.92   12.11    3.82]
 [   8.29  116.03  157.46   49.73]
 [   3.82   53.55   72.67   22.95]]

input:
[[ 12.21  31.85]
 [ 17.62  45.97]]

input:
[[ 255.  255.  255.  255.  255.  255.  255.]
 [ 255.  255.  255.  255.  255.  255.  255.]
 [ 255.  255.  125.  125.  125.  255.  255.]
 [ 255.  255.  125.  125.  125.  255.  255.]
 [   0.    0.    0.    0.    0.    0.    0.]]

input:
[[ 124.62  173.95  173.95  124.62]
 [ 165.35  183.1   183.1   165.35]
 [  51.6    49.2    49.2    51.6 ]]

input:
[[  72.85  104.71]
 [  49.53   68.66]]

Evaluating expand.
input:
[[255]]

input:
[[125 255]
 [255   0]]

input:
[[ 255.    0.  125.  125.  125.]
 [ 255.    0.  125.  125.  125.]
 [  50.   50.   50.   50.   50.]]

Evaluating gaussPyramid.
input:
[[   0.    0.    0.    0.    0.    0.    0.    0.]
 [   0.    0.    0.    0.    0.    0.    0.    0.]
 [   0.    0.  255.  255.  255.  255.    0.    0.]
 [   0.    0.  255.  255.  255.  255.    0.    0.]
 [   0.    0.    0.    0.    0.    0.    0.    0.]
 [   0.    0.    0.    0.    0.    0.    0.    0.]]

input:
[[ 255.  255.  255.  255.  255.  255.  255.]
 [ 255.  255.  255.  255.  255.  255.  255.]
 [ 255.  255.  125.  125.  125.  255.  255.]
 [ 255.  255.  125.  125.  125.  255.  255.]
 [   0.    0.    0.    0.    0.    0.    0.]]

Evaluating laplPyramid.
input:
[array([[   0.,    0.,    0.,    0.,    0.,    0.,    0.,    0.],
       [   0.,    0.,    0.,    0.,    0.,    0.,    0.,    0.],
       [   0.,    0.,  255.,  255.,  255.,  255.,    0.,    0.],
       [   0.,    0.,  255.,  255.,  255.,  255.,    0.,    0.],
       [   0.,    0.,    0.,    0.,    0.,    0.,    0.,    0.],
       [   0.,    0.,    0.,    0.,    0.,    0.,    0.,    0.]]), array([[   0.64,    8.92,   12.11,    3.82],
       [   8.29,  116.03,  157.46,   49.73],
       [   3.82,   53.55,   72.67,   22.95]]), array([[ 12.21,  31.85],
       [ 17.62,  45.97]]), array([[ 9.77]])]
input:
[array([[ 255.,  255.,  255.,  255.,  255.,  255.,  255.],
       [ 255.,  255.,  255.,  255.,  255.,  255.,  255.],
       [ 255.,  255.,  125.,  125.,  125.,  255.,  255.],
       [ 255.,  255.,  125.,  125.,  125.,  255.,  255.],
       [   0.,    0.,    0.,    0.,    0.,    0.,    0.]]), array([[ 124.62,  173.95,  173.95,  124.62],
       [ 165.35,  183.1 ,  183.1 ,  165.35],
       [  51.6 ,   49.2 ,   49.2 ,   51.6 ]]), array([[  72.85,  104.71],
       [  49.53,   68.66]]), array([[ 31.37]])]
Evaluating blend.
Evaluating collapse.
input:
[array([[ 149.77,  122.46,    0.  ,    0.  ],
       [ 138.08,  107.74,    0.  ,    0.  ],
       [ 149.77,  122.46,    0.  ,    0.  ]]), array([[ 120.58,   92.42],
       [ 120.58,   92.42]])]
input:
[array([[  -5. ,  -25.2,  -56.4,  149.8,   99.2,  118.4,  149. ],
       [  -6.5,  -32.5,  -72.6,  119.5,   81.9,  103.3,  137.2],
       [  -7.2,  -36. ,  -80.3,  105.2,   97.9,  117.4,  148.1],
       [  -6.5,  -32.5,  -72.6,  119.5,  -92.8,  -81.3,  -63.1],
       [  -5. ,  -25.2,  -56.4,  149.8,  -27.2,  -23.8,  -18.5]]), array([[ -20.9,    4.8,  103.5,   83.2],
       [ -23.2,   22.3,  129.5,  101. ],
       [ -20.9,    4.8,   35.8,   33.9]]), array([[ 17.6,  93.6],
       [ 17.6,  78.7]])]
Searching for images in C:\Grading\A6\Tran_N\images\source folder

GRADE SUMMARY

Reduce unit test passed:5
Expand unit test passed:15

Gaussian unit test passed:15
Laplacian unit test passed:15

Blend unit test passed:15
Collapse unit test passed:15

TOTAL SCORE: 80
